µÿ√Êa.bmp
433
6,1,6,2488,4531,30,
4,1,6,2424,1211,39,
1,1,0,57,2620,45,
10,1,0,105,1855,74,
20,1,0,70,6001,86,
11,1,5,2079,4627,92,
3,2,0,51,598,97,
7,1,3,1376,463,135,
2,1,3,1273,4622,141,
5,1,3,1207,4255,147,
8,2,0,89,605,149,
40,1,1,523,1211,179,
12,2,0,89,604,200,
13,1,6,2447,6449,220,
0,0,1,428,405,235,
14,2,0,8,320,240,
15,2,0,89,604,247,
16,2,0,17,428,256,
18,2,0,-1,400,270,
21,2,0,21,197,292,
22,2,0,89,606,294,
17,1,5,2076,3278,304,
25,2,0,89,603,341,
24,1,5,2059,2059,345,
9,1,2,903,1578,375,
26,1,5,2116,1438,384,
35,1,2,816,2091,382,
37,1,0,5,7244,389,
27,2,0,89,604,390,
39,1,3,1219,1885,393,
28,2,0,88,57,402,
29,2,0,88,163,403,
30,2,0,88,270,404,
31,2,0,88,376,406,
32,2,0,88,551,407,
34,2,0,50,615,427,
38,1,6,2404,7575,504,
68,1,5,2109,2122,527,
41,2,0,59,516,549,
44,2,0,60,998,589,
33,1,3,1322,268,602,
45,2,0,64,940,591,
46,2,0,65,904,592,
47,2,0,64,771,593,
48,2,0,64,810,593,
50,2,0,65,648,594,
51,2,0,63,856,596,
53,2,0,64,1222,598,
52,2,0,64,1023,598,
55,2,0,64,1097,599,
56,2,0,64,1060,599,
54,2,0,69,721,599,
57,2,0,63,1162,601,
58,2,0,50,655,612,
49,1,5,2021,4270,616,
60,2,0,64,1221,633,
62,2,0,65,556,654,
63,2,0,59,511,659,
23,1,3,1245,1706,679,
64,2,0,62,1245,680,
95,1,3,1228,3170,689,
61,1,6,2453,698,697,
65,2,0,49,614,695,
67,2,0,38,738,700,
70,2,0,94,1054,709,
72,2,0,94,957,710,
73,2,0,93,860,716,
74,2,0,63,1245,728,
42,1,6,2514,6581,735,
79,1,5,2069,4660,734,
77,1,0,94,6551,744,
76,2,0,31,757,762,
43,1,3,1317,3502,774,
78,2,0,77,1215,779,
80,2,0,13,738,805,
81,2,0,58,611,817,
66,1,5,2105,7093,826,
84,2,0,78,1216,833,
111,1,5,2091,7059,834,
82,1,0,32,6892,849,
69,1,3,1227,2993,853,
85,2,0,20,1041,857,
86,2,0,80,899,858,
87,2,0,81,1100,862,
88,2,0,14,964,862,
89,2,0,76,1138,865,
90,2,0,12,812,875,
92,2,0,59,611,881,
93,2,0,75,1203,883,
71,1,6,2519,7388,891,
59,1,3,1250,2029,901,
83,1,0,73,6030,898,
105,1,5,2089,5619,917,
94,2,0,69,642,934,
113,1,5,2029,6591,935,
107,1,5,2076,6919,934,
75,1,4,1797,915,972,
96,2,0,65,929,975,
97,2,0,64,969,978,
98,2,0,62,719,979,
99,2,0,62,861,982,
101,2,0,63,1025,985,
100,2,0,63,1081,985,
102,2,0,62,1153,987,
103,2,0,61,777,988,
104,2,0,63,636,989,
109,1,6,2483,3100,987,
36,1,1,597,639,1006,
116,1,5,2016,7201,1000,
106,1,3,1207,2643,1019,
114,1,3,1296,1142,1035,
120,1,5,2038,5756,1075,
118,1,6,2409,6571,1095,
124,1,5,2029,5478,1115,
123,1,6,2450,4892,1129,
91,1,5,2110,5486,1147,
110,1,2,807,3102,1163,
112,1,6,2401,2227,1223,
122,1,1,516,1590,1259,
108,1,6,2441,6260,1260,
129,1,5,2043,7019,1292,
127,1,2,885,1462,1296,
119,1,1,426,40,1305,
126,1,0,116,2451,1320,
121,1,0,83,6358,1314,
125,1,0,24,2258,1326,
117,1,6,2446,7134,1347,
132,1,5,2000,7057,1347,
133,1,5,2074,6098,1368,
137,1,5,2029,7172,1397,
115,1,0,22,5755,1447,
134,1,3,1219,1648,1535,
130,1,6,2450,4893,1569,
128,1,2,905,1768,1575,
135,1,0,101,6385,1579,
141,1,0,87,7471,1597,
138,1,4,1624,654,1629,
139,1,0,63,1056,1644,
140,1,0,21,6780,1690,
136,1,0,54,2559,1741,
131,1,5,2053,5498,1748,
145,1,3,1218,3611,1750,
155,1,4,1622,1089,1789,
149,1,0,67,3394,1849,
211,1,3,1353,3515,1884,
144,1,3,1225,2750,1904,
142,1,5,2026,6872,1924,
212,1,1,477,2561,1929,
150,1,0,69,4448,1945,
147,1,4,1621,3078,1958,
151,1,5,2066,3198,1965,
153,1,5,2063,3642,1969,
152,1,0,62,3306,1969,
210,1,0,52,2624,1973,
250,1,3,1344,3039,1971,
154,1,0,107,2811,1974,
156,1,4,1617,3113,1987,
143,1,5,2056,1303,1993,
157,2,0,73,2827,1993,
237,1,3,1331,3146,2000,
160,1,4,1619,3101,1996,
158,2,0,73,3081,1996,
159,2,0,75,2883,1996,
161,2,0,75,2939,1998,
162,2,0,74,2757,1998,
163,2,0,72,2682,1999,
164,2,0,74,3009,1999,
165,2,0,82,4349,2002,
168,2,0,84,3995,2005,
167,2,0,84,3808,2005,
169,2,0,83,3465,2006,
170,2,0,83,4171,2007,
173,2,0,84,3640,2010,
174,2,0,-1,3360,2010,
172,2,0,81,7360,2010,
175,2,0,83,3293,2011,
148,1,5,2051,1619,2017,
176,2,0,20,2608,2016,
177,2,0,92,7648,2021,
178,2,0,83,4514,2025,
179,2,0,82,6238,2030,
180,2,0,82,6079,2030,
181,2,0,73,2356,2030,
182,2,0,75,2205,2032,
183,2,0,82,6401,2032,
184,2,0,82,7048,2033,
185,2,0,84,5907,2033,
187,2,0,82,6561,2034,
188,2,0,73,2433,2034,
186,2,0,84,5718,2034,
189,2,0,82,7370,2036,
190,2,0,83,4850,2037,
191,2,0,82,6720,2037,
192,2,0,84,4682,2037,
193,2,0,84,5537,2038,
195,2,0,73,2491,2039,
196,2,0,82,7209,2039,
197,2,0,74,2282,2039,
198,2,0,75,2560,2039,
194,2,0,83,7553,2039,
200,2,0,82,6881,2040,
201,2,0,82,5012,2041,
202,2,0,83,5169,2042,
203,2,0,84,5356,2044,
199,1,3,1265,3766,2055,
204,1,1,441,2150,2070,
206,1,0,53,5925,2093,
207,2,0,77,2578,2091,
208,2,0,73,2204,2094,
209,2,0,45,3177,2099,
228,1,1,452,3891,2116,
213,2,0,76,2575,2122,
214,2,0,73,3079,2144,
215,2,0,73,2199,2148,
216,2,0,73,2940,2149,
217,2,0,74,3008,2149,
218,2,0,75,2700,2150,
219,2,0,73,2763,2151,
221,2,0,72,3161,2152,
220,2,0,75,2825,2152,
223,2,0,75,2884,2153,
224,2,0,64,2667,2154,
225,2,0,76,2574,2155,
227,2,0,80,2579,2182,
232,1,3,1237,5592,2185,
226,1,3,1279,1146,2182,
229,2,0,0,2194,2192,
146,1,3,1326,2622,2205,
171,1,3,1217,1886,2217,
166,1,0,48,2639,2227,
222,1,3,1313,3711,2227,
233,2,0,72,2671,2233,
231,1,3,1237,2340,2241,
234,2,0,78,2576,2243,
235,2,0,0,2191,2244,
245,1,0,70,2755,2251,
246,1,3,1226,3173,2285,
238,2,0,15,2148,2289,
256,1,1,417,5891,2294,
236,1,4,1779,2640,2290,
241,2,0,78,2575,2303,
270,1,3,1371,3018,2307,
242,1,3,1354,1322,2313,
230,1,5,2101,2933,2327,
244,1,1,469,938,2331,
249,2,0,59,2663,2352,
255,1,2,887,1062,2367,
243,1,6,2495,3195,2374,
247,1,3,1274,2856,2385,
253,2,0,17,2150,2395,
205,1,0,52,2439,2405,
239,1,5,2052,2290,2441,
257,2,0,57,2653,2453,
258,2,0,20,2166,2472,
260,2,0,60,2328,2546,
261,2,0,63,2495,2547,
263,2,0,66,2575,2551,
264,2,0,68,2414,2558,
265,1,2,807,2328,2560,
266,2,0,57,2649,2565,
259,1,2,882,2269,2562,
267,2,0,45,2174,2595,
268,1,1,418,784,2599,
269,2,0,63,2315,2607,
252,1,1,534,3559,2620,
254,1,2,897,2446,2618,
262,1,3,1251,1581,2645,
275,1,0,15,768,2645,
274,1,3,1283,2266,2646,
271,2,0,73,2311,2666,
272,2,0,59,2176,2679,
273,1,3,1224,6057,2701,
278,1,1,575,6181,2692,
276,1,3,1237,7590,2724,
284,1,2,874,1782,2752,
281,1,3,1292,4866,2758,
288,1,3,1279,4106,2763,
279,2,0,58,2169,2781,
286,1,1,419,2443,2806,
290,1,3,1294,4022,2809,
283,1,1,515,6760,2846,
277,1,3,1224,4175,2852,
295,1,1,427,4208,2881,
305,1,2,883,2223,2886,
248,1,3,1239,2154,2894,
285,2,0,52,2159,2907,
240,1,1,522,2149,2960,
307,1,3,1227,2807,2969,
291,1,0,94,1558,2986,
297,1,2,870,906,3000,
293,1,2,820,3106,3008,
294,2,0,49,2175,3035,
251,1,3,1323,2143,3114,
289,1,3,1341,6049,3104,
309,1,6,2487,5140,3100,
287,1,0,80,3638,3104,
296,1,6,2445,3538,3151,
280,1,5,2046,2130,3166,
303,2,0,48,2168,3171,
317,1,0,81,2131,3183,
300,1,3,1208,4379,3198,
282,1,5,2116,2478,3207,
292,1,3,1277,4409,3258,
308,2,0,50,2177,3315,
331,1,1,489,2303,3316,
298,1,2,821,2322,3336,
314,1,3,1363,5186,3341,
304,1,3,1214,5842,3376,
311,1,3,1220,4429,3395,
299,1,4,1729,4057,3411,
310,1,1,467,3639,3412,
306,1,3,1251,2908,3416,
320,1,6,2434,115,3434,
313,2,0,51,2170,3435,
312,1,1,407,6799,3438,
302,1,3,1333,1498,3446,
315,1,4,1753,890,3437,
319,1,1,418,3715,3463,
301,1,5,2043,2130,3484,
316,2,0,53,2164,3541,
327,1,3,1356,6225,3529,
321,1,1,425,7065,3570,
323,1,1,485,6549,3571,
325,1,1,553,7527,3604,
318,2,0,47,2177,3644,
322,1,3,1224,6254,3693,
330,1,1,425,6308,3702,
328,1,2,911,1413,3732,
333,1,3,1352,3587,3745,
329,2,0,48,2168,3791,
345,1,5,2085,2459,3886,
332,2,0,48,2168,3919,
324,1,1,507,6949,3946,
342,1,5,2027,3038,3960,
335,2,0,57,2172,4026,
326,1,3,1201,2882,4061,
338,1,5,2029,3981,4068,
343,1,4,1623,40,4071,
349,1,3,1228,4741,4102,
339,2,0,55,2166,4164,
347,1,1,409,5400,4193,
341,1,1,438,7333,4212,
340,1,5,2093,3538,4224,
337,1,3,1208,6140,4240,
352,1,0,119,6820,4266,
344,2,0,43,2180,4264,
336,1,2,821,1549,4266,
357,1,1,494,5594,4273,
351,1,5,2049,2730,4307,
346,1,0,69,7279,4303,
334,1,2,913,1159,4336,
359,1,5,2097,2594,4388,
354,2,0,41,2171,4394,
348,1,6,2441,1329,4483,
369,1,1,523,4810,4505,
353,1,3,1256,6723,4498,
370,1,5,2087,3210,4506,
358,2,0,41,2165,4536,
356,1,1,571,4582,4547,
362,1,3,1210,5807,4577,
360,1,1,429,4351,4580,
361,1,1,543,6260,4582,
350,1,4,1797,6589,4598,
355,1,5,2007,3213,4646,
363,2,0,37,2130,4663,
365,1,4,1772,6226,4707,
374,1,3,1229,6160,4718,
377,1,5,2018,3503,4758,
367,2,0,36,2163,4774,
378,1,1,423,7103,4837,
375,1,1,555,3466,4882,
364,1,5,2038,2597,4914,
373,2,0,41,2160,4917,
366,1,4,1622,6768,4960,
376,1,4,1622,7197,4966,
380,1,1,443,5462,4983,
382,1,1,429,6829,5014,
379,2,0,43,2175,5033,
372,1,1,497,6542,5048,
368,1,3,1238,7194,5064,
387,1,1,451,3346,5092,
385,1,4,1732,1381,5104,
371,1,1,517,4693,5125,
388,1,1,551,5222,5148,
381,1,5,2056,2838,5157,
384,2,0,42,2176,5185,
389,1,3,1345,5463,5269,
386,2,0,41,2167,5307,
383,1,1,511,6750,5315,
396,1,4,1623,7637,5359,
393,1,4,1618,40,5374,
391,2,0,39,2176,5425,
390,1,1,402,5221,5452,
415,1,1,419,3726,5456,
397,1,1,547,4851,5511,
399,2,0,-1,7360,5520,
398,2,0,-1,7360,5520,
401,2,0,75,7429,5521,
400,2,0,88,6933,5521,
403,2,0,73,7234,5522,
402,2,0,73,7162,5522,
407,2,0,88,6712,5523,
404,2,0,88,6828,5523,
405,2,0,75,7304,5523,
406,2,0,75,7492,5523,
408,2,0,75,7369,5524,
410,2,0,94,7034,5526,
409,2,0,75,7558,5526,
411,2,0,73,7102,5527,
392,1,0,66,7089,5541,
414,2,0,40,2175,5550,
413,1,3,1309,7525,5570,
412,1,3,1352,3665,5569,
430,1,4,1786,7282,5620,
417,2,0,73,7399,5625,
416,1,5,2008,3590,5627,
418,2,0,73,7327,5627,
419,2,0,73,7196,5628,
420,2,0,73,7256,5628,
394,1,0,9,6526,5629,
422,2,0,73,7595,5630,
421,2,0,73,7454,5630,
423,2,0,73,7532,5631,
425,2,0,73,7664,5634,
424,2,0,41,6617,5634,
426,2,0,88,6778,5636,
429,2,0,88,6993,5638,
427,2,0,88,6886,5638,
428,2,0,88,7107,5638,
431,2,0,41,2166,5682,
395,1,0,2,6597,5718,
432,2,0,36,6608,5752,
433,2,0,42,2167,5787,
